f1=[0.9105820212464923,0.9194161355192156]
accuracy=[0.9105,0.9195]
precision=[0.912514960426793,0.9196186122915987]
recall=[0.9105,0.9195]
times=[470.35883193099994,469.581274937]
loss=[0.1524648815393448,0.14571964740753174]
samples/s=[52.528,52.496]
