f1=[0.9075799380016437,0.9135495325829388]
accuracy=[0.9075,0.9135]
precision=[0.9098426689723959,0.9146860200067845]
recall=[0.9075,0.9135]
times=[381.9587736389999,383.5005651050001]
loss=[0.1451522260904312,0.13054828345775604]
samples/s=[54.76,54.719]
