f1=[0.8881503976682009,0.8933510514878991]
accuracy=[0.8885,0.8935]
precision=[0.8884557643627333,0.894183445331442]
recall=[0.8885,0.8935]
times=[359.010517465,357.26388689199996]
loss=[0.18657352030277252,0.16816869378089905]
samples/s=[57.804,57.89]
