f1=[0.893516509909337,0.8998133085521235,0.9027808888390851,0.9018101787657591,0.9003618973939217]
accuracy=[0.894,0.9,0.903,0.902,0.9005]
precision=[0.8935693831864663,0.9002940157211714,0.9026814707080635,0.9018305773247488,0.9002690159082501]
recall=[0.894,0.9,0.903,0.902,0.9005]
times=[362.271194021,360.50916336600005,360.374635679,360.275921766,360.023210674]
loss=[0.1712961345911026,0.15248338878154755,0.14920876920223236,0.15367822349071503,0.15191559493541718]
samples/s=[56.463,56.497,56.484,56.525,56.531]
