f1=[0.8952851655918305,0.9007900510248101,0.9080375318602555,0.9008135621863675,0.9091736278123788]
accuracy=[0.8955,0.9005,0.9085,0.9005,0.909]
precision=[0.8957253572466065,0.9034528475674205,0.9084097292077681,0.9015411172337244,0.9094190391619806]
recall=[0.8955,0.9005,0.9085,0.9005,0.909]
times=[357.75157960700017,356.6920539980001,356.99932761499986,356.77089430200067,356.80171713600066]
loss=[0.1439153552055359,0.13538549840450287,0.15330566465854645,0.1655469387769699,0.17696978151798248]
samples/s=[58.053,57.834,58.018,58.023,57.702]
