f1=[0.8884439161253973,0.8947422706118436]
accuracy=[0.8885,0.895]
precision=[0.8910862446348515,0.8950075269637264]
recall=[0.8885,0.895]
times=[100.92023760000001,99.66089146399997]
loss=[0.18960538506507874,0.16394133865833282]
samples/s=[225.399,227.786]
