f1=[0.8627586519461452,0.8937177307674482]
accuracy=[0.864,0.8945]
precision=[0.8707210028105865,0.895083047771476]
recall=[0.864,0.8945]
times=[89.20466195900008,87.24208241299993]
loss=[0.44238078594207764,0.3504061996936798]
samples/s=[235.951,236.07]
