f1=[0.9009220145967819,0.9168616049793589,0.9166218609727783,0.9224308300479745,0.9253346364516154]
accuracy=[0.901,0.9175,0.917,0.9225,0.9255]
precision=[0.9042910737478025,0.9177524497626468,0.9168867981432612,0.9224398012841148,0.9263112341471129]
recall=[0.901,0.9175,0.917,0.9225,0.9255]
times=[90.40359564599999,90.031205167,90.461421288,90.11987045499995,86.44910051600004]
loss=[0.1435159295797348,0.1210348978638649,0.11165323108434677,0.10364212095737457,0.10412579029798508]
samples/s=[232.391,225.268,226.326,228.832,229.018]
