f1=[0.8622956458768701,0.8998787773492246,0.9093236409564452,0.912749817184429,0.9174247300359589]
accuracy=[0.865,0.9,0.909,0.913,0.9175]
precision=[0.8709794475304214,0.8997718590053114,0.9106012682931154,0.9130646275872387,0.917498562785064]
recall=[0.865,0.9,0.909,0.913,0.9175]
times=[90.015190609,90.26341332899983,89.82755385199994,90.06243310900004,86.52366290099985]
loss=[0.3747999966144562,0.22976763546466827,0.1873396635055542,0.1727675050497055,0.1643916666507721]
samples/s=[230.266,225.489,227.881,229.703,229.422]
