f1=[0.9069519454910928,0.9095380742446632]
accuracy=[0.9075,0.91]
precision=[0.9069270621640072,0.9096329832295361]
recall=[0.9075,0.91]
times=[145.72403468099992,145.2049649600001]
loss=[0.14647798240184784,0.13548733294010162]
samples/s=[198.767,198.752]
