f1=[0.8737686354509913,0.8913535876557137]
accuracy=[0.874,0.8915]
precision=[0.8750111691463089,0.8925798300022582]
recall=[0.874,0.8915]
times=[201.80801061700004,195.71221979799998]
loss=[0.26674941182136536,0.2153892070055008]
samples/s=[112.057,111.996]
