f1=[0.8844250710096543,0.8884487693974571]
accuracy=[0.885,0.889]
precision=[0.8852747112951442,0.8888636817848112]
recall=[0.885,0.889]
times=[302.687196762,289.2888615769998]
loss=[0.26826342940330505,0.21535933017730713]
samples/s=[104.069,104.198]
