f1=[0.8848664632219531,0.8942960872826505]
accuracy=[0.8855,0.8945]
precision=[0.8878855154540122,0.8949811305291285]
recall=[0.8855,0.8945]
times=[118.35262061999993,116.30041227700008]
loss=[0.2869367003440857,0.222222238779068]
samples/s=[196.201,196.268]
