f1=[0.8595401245260421,0.8904945644927107,0.9007123382825221,0.9007933784651402,0.9066745680626708]
accuracy=[0.861,0.891,0.901,0.901,0.907]
precision=[0.8595183002315205,0.890330097664795,0.9005319356209041,0.9007048474033371,0.9070659869572458]
recall=[0.861,0.891,0.901,0.901,0.907]
times=[102.27140200100075,102.8624559560003,100.9118097369992,101.59782855100002,97.58528803899935]
loss=[0.37869954109191895,0.2329465001821518,0.1937607228755951,0.17883917689323425,0.17334863543510437]
samples/s=[215.242,219.683,219.305,220.262,219.398]
