f1=[0.8982005123475473,0.9077260273186788]
accuracy=[0.8985,0.908]
precision=[0.8987000573528268,0.9077317215212621]
recall=[0.8985,0.908]
times=[357.33946750099994,354.79353794199994]
loss=[0.14532826840877533,0.13412538170814514]
samples/s=[197.384,197.395]
