f1=[0.8759103316948423,0.9033723923190601,0.9073365242172108,0.9158815992217006,0.9158390704690685]
accuracy=[0.8775,0.903,0.9075,0.916,0.916]
precision=[0.8857480193048114,0.9066892469793973,0.9086000691046567,0.9167586508353209,0.9158154141600566]
recall=[0.8775,0.903,0.9075,0.916,0.916]
times=[102.65764993999983,100.31139541899984,99.73553235500003,100.54052254099997,95.94154519199992]
loss=[0.1708371341228485,0.13538967072963715,0.1253758817911148,0.12028136849403381,0.11948836594820023]
samples/s=[213.704,219.103,219.744,219.552,217.601]
