f1=[0.89177920533658,0.8978755844023767]
accuracy=[0.892,0.898]
precision=[0.894797291063928,0.8988290609984915]
recall=[0.892,0.898]
times=[156.5553383480003,156.61879217600017]
loss=[0.1871339976787567,0.1613323986530304]
samples/s=[213.81,209.428]
