f1=[0.8550662366675412,0.8735203657146029]
accuracy=[0.8575,0.8745]
precision=[0.8581159618094001,0.8733305596431274]
recall=[0.8575,0.8745]
times=[101.97900913000012,99.92902597600005]
loss=[0.4069298505783081,0.3274555504322052]
samples/s=[210.814,220.643]
