f1=[0.8825984902077363,0.9455962197691917]
accuracy=[0.882,0.945]
precision=[0.8911987486444363,0.9476118818539156]
recall=[0.882,0.945]
times=[118.126629977,112.862867671]
loss=[0.43399134278297424,0.21119308471679688]
samples/s=[162.056,167.075]
