f1=[0.8506037997613789,0.9495319138201838]
accuracy=[0.853,0.9495]
precision=[0.8629838312834889,0.9504884442137143]
recall=[0.853,0.9495]
times=[352.50713863800047,370.4749148430001]
loss=[0.5114226937294006,0.2038801610469818]
samples/s=[119.985,121.84]
